净值日期,单位净值,日增长率
2015-09-10,1.0,0.0
2015-09-11,1.0,0.0
2015-09-18,1.0,0.0
2015-09-25,1.0,0.0
2015-09-30,1.0,0.0
2015-10-09,1.0,0.0
2015-10-16,1.0,0.0
2015-10-19,1.001,0.1
2015-10-20,1.001,0.0
2015-10-21,1.001,0.0
2015-10-22,1.001,0.0
2015-10-23,1.001,0.0
2015-10-26,1.002,0.0999
2015-10-27,1.003,0.0998
2015-10-28,1.003,0.0
2015-10-29,1.003,0.0
2015-10-30,1.003,0.0
2015-11-02,1.003,0.0
2015-11-03,1.002,-0.0997
2015-11-04,1.002,0.0
2015-11-05,1.002,0.0
2015-11-06,1.002,0.0
2015-11-09,1.001,-0.0998
2015-11-10,1.0,-0.0999
2015-11-11,1.001,0.1
2015-11-12,1.001,0.0
2015-11-13,1.0,-0.0999
2015-11-16,1.0,0.0
2015-11-17,1.0,0.0
2015-11-18,0.999,-0.1
2015-11-19,1.0,0.1001
2015-11-20,1.001,0.1
2015-11-23,1.0,-0.0999
2015-11-24,1.001,0.1
2015-11-25,1.005,0.3996
2015-11-26,1.005,0.0
2015-11-27,1.0,-0.4975
2015-11-30,1.002,0.2
2015-12-01,1.003,0.0998
2015-12-02,1.001,-0.1994
2015-12-03,1.003,0.1998
2015-12-04,1.003,0.0
2015-12-07,1.003,0.0
2015-12-08,1.003,0.0
2015-12-09,1.005,0.1994
2015-12-10,1.007,0.199
2015-12-11,1.004,-0.2979
2015-12-14,1.004,0.0
2015-12-15,1.007,0.2988
2015-12-16,1.007,0.0
2015-12-17,1.01,0.2979
2015-12-18,1.012,0.198
2015-12-21,1.012,0.0
2015-12-22,1.013,0.0988
2015-12-23,1.013,0.0
2015-12-24,1.014,0.0987
2015-12-25,1.015,0.0986
2015-12-28,1.014,-0.0985
2015-12-29,1.014,0.0
2015-12-30,1.016,0.1972
2015-12-31,1.015,-0.0984
2016-01-04,1.006,-0.8867
2016-01-05,1.005,-0.0994
2016-01-06,1.007,0.199
2016-01-07,0.999,-0.7944
2016-01-08,0.998,-0.1001
2016-01-11,0.991,-0.7014
2016-01-12,0.992,0.1009
2016-01-13,0.988,-0.4032
2016-01-14,0.991,0.3036
2016-01-15,0.987,-0.4036
2016-01-18,0.989,0.2026
2016-01-19,0.992,0.3033
2016-01-20,0.99,-0.2016
2016-01-21,0.987,-0.303
2016-01-22,0.99,0.304
2016-01-25,0.989,-0.101
2016-01-26,0.983,-0.6067
2016-01-27,0.98,-0.3052
2016-01-28,0.978,-0.2041
2016-01-29,0.981,0.3067
2016-02-01,0.981,0.0
2016-02-02,0.982,0.1019
2016-02-03,0.983,0.1018
2016-02-04,0.984,0.1017
2016-02-05,0.984,0.0
2016-02-15,0.985,0.1016
2016-02-16,0.986,0.1015
2016-02-17,0.986,0.0
2016-02-18,0.987,0.1014
2016-02-19,0.986,-0.1013
2016-02-22,0.987,0.1014
2016-02-23,0.986,-0.1013
2016-02-24,0.986,0.0
2016-02-25,0.984,-0.2028
2016-02-26,0.985,0.1016
2016-02-29,0.982,-0.3046
2016-03-01,0.984,0.2037
2016-03-02,0.985,0.1016
2016-03-03,0.984,-0.1015
2016-03-04,0.984,0.0
2016-03-07,0.985,0.1016
2016-03-08,0.985,0.0
2016-03-09,0.987,0.203
2016-03-10,0.987,0.0
2016-03-11,0.987,0.0
2016-03-14,0.988,0.1013
2016-03-15,0.99,0.2024
2016-03-16,0.99,0.0
2016-03-17,0.99,0.0
2016-03-18,0.991,0.101
2016-03-21,0.993,0.2018
2016-03-22,0.992,-0.1007
2016-03-23,0.994,0.2016
2016-03-24,0.992,-0.2012
2016-03-25,0.992,0.0
2016-03-28,0.991,-0.1008
2016-03-29,0.989,-0.2018
2016-03-30,0.992,0.3033
2016-03-31,0.992,0.0
2016-04-01,0.992,0.0
2016-04-05,0.994,0.2016
2016-04-06,0.995,0.1006
2016-04-07,0.993,-0.201
2016-04-08,0.992,-0.1007
2016-04-11,0.993,0.1008
2016-04-12,0.993,0.0
2016-04-13,0.994,0.1007
2016-04-14,0.994,0.0
2016-04-15,0.994,0.0
2016-04-18,0.996,0.2012
2016-04-19,0.997,0.1004
2016-04-20,0.994,-0.3009
2016-04-21,0.99,-0.4024
2016-04-22,0.99,0.0
2016-04-25,0.989,-0.101
2016-04-26,0.99,0.1011
2016-04-27,0.989,-0.101
2016-04-28,0.99,0.1011
2016-04-29,0.99,0.0
2016-05-03,0.993,0.303
2016-05-04,0.993,0.0
2016-05-05,0.993,0.0
2016-05-06,0.99,-0.3021
2016-05-09,0.988,-0.202
2016-05-10,0.987,-0.1012
2016-05-11,0.987,0.0
2016-05-12,0.987,0.0
2016-05-13,0.987,0.0
2016-05-16,0.988,0.1013
2016-05-17,0.988,0.0
2016-05-18,0.986,-0.2024
2016-05-19,0.987,0.1014
2016-05-20,0.987,0.0
2016-05-23,0.988,0.1013
2016-05-24,0.988,0.0
2016-05-25,0.988,0.0
2016-05-26,0.988,0.0
2016-05-27,0.989,0.1012
2016-05-30,0.99,0.1011
2016-05-31,0.992,0.202
2016-06-01,0.992,0.0
2016-06-02,0.992,0.0
2016-06-03,0.992,0.0
2016-06-06,0.992,0.0
2016-06-07,0.993,0.1008
2016-06-08,0.992,-0.1007
2016-06-13,0.989,-0.3024
2016-06-14,0.99,0.1011
2016-06-15,0.992,0.202
2016-06-16,0.994,0.2016
2016-06-17,0.996,0.2012
2016-06-20,0.997,0.1004
2016-06-21,0.998,0.1003
2016-06-22,0.999,0.1002
2016-06-23,0.997,-0.2002
2016-06-24,0.998,0.1003
2016-06-27,1.0,0.2004
2016-06-28,1.002,0.2
2016-06-29,1.001,-0.0998
2016-06-30,1.003,0.1998
2016-07-01,1.003,0.0
2016-07-04,1.004,0.0997
2016-07-05,1.004,0.0
2016-07-06,1.005,0.0996
2016-07-07,1.006,0.0995
2016-07-08,1.006,0.0
2016-07-11,1.005,-0.0994
2016-07-12,1.005,0.0
2016-07-13,1.006,0.0995
2016-07-14,1.006,0.0
2016-07-15,1.006,0.0
2016-07-18,1.006,0.0
2016-07-19,1.008,0.1988
2016-07-20,1.009,0.0992
2016-07-21,1.009,0.0
2016-07-22,1.009,0.0
2016-07-25,1.009,0.0
2016-07-26,1.01,0.0991
2016-07-27,1.007,-0.297
2016-07-28,1.007,0.0
2016-07-29,1.008,0.0993
2016-08-01,1.007,-0.0992
2016-08-02,1.008,0.0993
2016-08-03,1.008,0.0
2016-08-04,1.008,0.0
2016-08-05,1.01,0.1984
2016-08-08,1.009,-0.099
2016-08-09,1.01,0.0991
2016-08-10,1.01,0.0
2016-08-11,1.009,-0.099
2016-08-12,1.01,0.0991
2016-08-15,1.012,0.198
2016-08-16,1.012,0.0
2016-08-17,1.012,0.0
2016-08-18,1.012,0.0
2016-08-19,1.012,0.0
2016-08-22,1.012,0.0
2016-08-23,1.011,-0.0988
2016-08-24,1.011,0.0
2016-08-25,1.01,-0.0989
2016-08-26,1.012,0.198
2016-08-29,1.013,0.0988
2016-08-30,1.012,-0.0987
2016-08-31,1.012,0.0
2016-09-01,1.01,-0.1976
2016-09-02,1.01,0.0
2016-09-05,1.011,0.099
2016-09-06,1.013,0.1978
2016-09-07,1.012,-0.0987
2016-09-08,1.014,0.1976
2016-09-09,1.014,0.0
2016-09-12,1.011,-0.2959
2016-09-13,1.012,0.0989
2016-09-14,1.012,0.0
2016-09-19,1.014,0.1976
2016-09-20,1.016,0.1972
2016-09-21,1.016,0.0
2016-09-22,1.016,0.0
2016-09-23,1.016,0.0
2016-09-26,1.016,0.0
2016-09-27,1.016,0.0
2016-09-28,1.014,-0.1969
2016-09-29,1.014,0.0
2016-09-30,1.014,0.0
2016-10-10,1.017,0.2959
2016-10-11,1.017,0.0
2016-10-12,1.018,0.0983
2016-10-13,1.02,0.1965
2016-10-14,1.02,0.0
2016-10-17,1.019,-0.098
2016-10-18,1.02,0.0981
2016-10-19,1.021,0.098
2016-10-20,1.021,0.0
2016-10-21,1.02,-0.0979
2016-10-24,1.02,0.0
2016-10-25,1.021,0.098
2016-10-26,1.02,-0.0979
2016-10-27,1.021,0.098
2016-10-28,1.02,-0.0979
2016-10-31,1.021,0.098
2016-11-01,1.021,0.0
2016-11-02,1.021,0.0
2016-11-03,1.021,0.0
2016-11-04,1.02,-0.0979
2016-11-07,1.021,0.098
2016-11-08,1.021,0.0
2016-11-09,1.021,0.0
2016-11-10,1.022,0.0979
2016-11-11,1.023,0.0978
2016-11-14,1.025,0.1955
2016-11-15,1.023,-0.1951
2016-11-16,1.024,0.0978
2016-11-17,1.023,-0.0977
2016-11-18,1.023,0.0
2016-11-21,1.023,0.0
2016-11-22,1.024,0.0978
2016-11-23,1.024,0.0
2016-11-24,1.024,0.0
2016-11-25,1.023,-0.0977
2016-11-28,1.023,0.0
2016-11-29,1.02,-0.2933
2016-11-30,1.019,-0.098
2016-12-01,1.018,-0.0981
2016-12-02,1.017,-0.0982
2016-12-05,1.016,-0.0983
2016-12-06,1.016,0.0
2016-12-07,1.017,0.0984
2016-12-08,1.017,0.0
2016-12-09,1.019,0.1967
2016-12-12,1.015,-0.3925
2016-12-13,1.015,0.0
2016-12-14,1.015,0.0
2016-12-15,1.015,0.0
2016-12-16,1.015,0.0
2016-12-19,1.013,-0.197
2016-12-20,1.012,-0.0987
2016-12-21,1.013,0.0988
2016-12-22,1.014,0.0987
2016-12-23,1.013,-0.0986
2016-12-26,1.014,0.0987
2016-12-27,1.013,-0.0986
2016-12-28,1.013,0.0
2016-12-29,1.012,-0.0987
2016-12-30,1.014,0.1976
2016-12-31,1.014,0.0
2017-01-03,1.013,-0.0986
2017-01-04,1.013,0.0
2017-01-05,1.014,0.0987
2017-01-06,1.013,-0.0986
2017-01-09,1.014,0.0987
2017-01-10,1.014,0.0
2017-01-11,1.014,0.0
2017-01-12,1.011,-0.2959
2017-01-13,1.009,-0.1978
2017-01-16,1.006,-0.2973
2017-01-17,1.007,0.0994
2017-01-18,1.008,0.0993
2017-01-19,1.008,0.0
2017-01-20,1.008,0.0
2017-01-23,1.008,0.0
2017-01-24,1.008,0.0
2017-01-25,1.009,0.0992
2017-01-26,1.009,0.0
2017-02-03,1.009,0.0
2017-02-06,1.011,0.1982
2017-02-07,1.011,0.0
2017-02-08,1.012,0.0989
2017-02-09,1.012,0.0
2017-02-10,1.012,0.0
2017-02-13,1.012,0.0
2017-02-14,1.013,0.0988
2017-02-15,1.01,-0.2962
2017-02-16,1.01,0.0
2017-02-17,1.009,-0.099
2017-02-20,1.008,-0.0991
2017-02-21,1.008,0.0
2017-02-22,1.008,0.0
2017-02-23,1.009,0.0992
2017-02-24,1.007,-0.1982
2017-02-27,1.007,0.0
2017-02-28,1.008,0.0993
2017-03-01,1.008,0.0
2017-03-02,1.009,0.0992
2017-03-03,1.011,0.1982
2017-03-06,1.012,0.0989
2017-03-07,1.012,0.0
2017-03-08,1.012,0.0
2017-03-09,1.011,-0.0988
2017-03-10,1.011,0.0
2017-03-13,1.011,0.0
2017-03-14,1.012,0.0989
2017-03-15,1.012,0.0
2017-03-16,1.014,0.1976
2017-03-17,1.012,-0.1972
2017-03-20,1.012,0.0
2017-03-21,1.01,-0.1976
2017-03-22,1.009,-0.099
2017-03-23,1.009,0.0
2017-03-24,1.011,0.1982
2017-03-27,1.01,-0.0989
2017-03-28,1.011,0.099
2017-03-29,1.009,-0.1978
2017-03-30,1.006,-0.2973
2017-03-31,1.008,0.1988
2017-04-05,1.009,0.0992
2017-04-06,1.011,0.1982
2017-04-07,1.01,-0.0989
2017-04-10,1.009,-0.099
2017-04-11,1.01,0.0991
2017-04-12,1.01,0.0
2017-04-13,1.011,0.099
2017-04-14,1.009,-0.1978
2017-04-17,1.007,-0.1982
2017-04-18,1.005,-0.1986
2017-04-19,1.003,-0.199
2017-04-20,1.002,-0.0997
2017-04-21,1.002,0.0
2017-04-24,1.001,-0.0998
2017-04-25,1.0,-0.0999
2017-04-26,1.0,0.0
2017-04-27,1.001,0.1
2017-04-28,1.002,0.0999
2017-05-02,1.002,0.0
2017-05-03,1.002,0.0
2017-05-04,1.002,0.0
2017-05-05,1.001,-0.0998
2017-05-08,1.0,-0.0999
2017-05-09,1.0,0.0
2017-05-10,0.999,-0.1
2017-05-11,0.999,0.0
2017-05-12,0.999,0.0
2017-05-15,0.999,0.0
2017-05-16,1.0,0.1001
2017-05-17,1.001,0.1
2017-05-18,1.0,-0.0999
2017-05-19,1.0,0.0
2017-05-22,0.999,-0.1
2017-05-23,0.998,-0.1001
2017-05-24,0.998,0.0
2017-05-25,0.999,0.1002
2017-05-26,0.999,0.0
2017-05-31,0.999,0.0
2017-06-01,0.998,-0.1001
2017-06-02,0.998,0.0
2017-06-05,0.999,0.1002
2017-06-06,0.999,0.0
2017-06-07,1.001,0.2002
2017-06-08,1.001,0.0
2017-06-09,1.001,0.0
2017-06-12,1.0,-0.0999
2017-06-13,1.002,0.2
2017-06-14,1.002,0.0
2017-06-15,1.003,0.0998
2017-06-16,1.003,0.0
2017-06-19,1.004,0.0997
2017-06-20,1.004,0.0
2017-06-21,1.005,0.0996
2017-06-22,1.004,-0.0995
2017-06-23,1.004,0.0
2017-06-26,1.006,0.1992
2017-06-27,1.006,0.0
2017-06-28,1.005,-0.0994
2017-06-29,1.006,0.0995
2017-06-30,1.007,0.0994
2017-07-03,1.008,0.0993
2017-07-04,1.007,-0.0992
2017-07-05,1.008,0.0993
2017-07-06,1.009,0.0992
2017-07-07,1.01,0.0991
2017-07-10,1.009,-0.099
2017-07-11,1.009,0.0
2017-07-12,1.009,0.0
2017-07-13,1.009,0.0
2017-07-14,1.009,0.0
2017-07-17,1.006,-0.2973
2017-07-18,1.007,0.0994
2017-07-19,1.009,0.1986
2017-07-20,1.01,0.0991
2017-07-21,1.01,0.0
2017-07-24,1.01,0.0
2017-07-25,1.01,0.0
2017-07-26,1.01,0.0
2017-07-27,1.011,0.099
2017-07-28,1.011,0.0
2017-07-31,1.013,0.1978
2017-08-01,1.013,0.0
2017-08-02,1.013,0.0
2017-08-03,1.013,0.0
2017-08-04,1.013,0.0
2017-08-07,1.014,0.0987
2017-08-08,1.014,0.0
2017-08-09,1.015,0.0986
2017-08-10,1.013,-0.197
2017-08-11,1.012,-0.0987
2017-08-14,1.013,0.0988
2017-08-15,1.014,0.0987
2017-08-16,1.014,0.0
2017-08-17,1.014,0.0
2017-08-18,1.015,0.0986
2017-08-21,1.015,0.0
2017-08-22,1.015,0.0
2017-08-23,1.014,-0.0985
2017-08-24,1.014,0.0
2017-08-25,1.015,0.0986
2017-08-28,1.015,0.0
2017-08-29,1.015,0.0
2017-08-30,1.016,0.0985
2017-08-31,1.016,0.0
2017-09-01,1.017,0.0984
2017-09-04,1.017,0.0
2017-09-05,1.017,0.0
2017-09-06,1.018,0.0983
2017-09-07,1.017,-0.0982
2017-09-08,1.018,0.0983
2017-09-11,1.019,0.0982
2017-09-12,1.019,0.0
2017-09-13,1.02,0.0981
2017-09-14,1.019,-0.098
2017-09-15,1.019,0.0
2017-09-18,1.02,0.0981
2017-09-19,1.02,0.0
2017-09-20,1.02,0.0
2017-09-21,1.02,0.0
2017-09-22,1.019,-0.098
2017-09-25,1.019,0.0
2017-09-26,1.019,0.0
2017-09-27,1.019,0.0
2017-09-28,1.019,0.0
2017-09-29,1.019,0.0
2017-10-09,1.021,0.1963
2017-10-10,1.021,0.0
2017-10-11,1.021,0.0
2017-10-12,1.021,0.0
2017-10-13,1.022,0.0979
2017-10-16,1.021,-0.0978
2017-10-17,1.021,0.0
2017-10-18,1.02,-0.0979
2017-10-19,1.02,0.0
2017-10-20,1.021,0.098
2017-10-23,1.021,0.0
2017-10-24,1.022,0.0979
2017-10-25,1.022,0.0
2017-10-26,1.023,0.0978
2017-10-27,1.022,-0.0978
2017-10-30,1.02,-0.1957
2017-10-31,1.02,0.0
2017-11-01,1.02,0.0
2017-11-02,1.024,0.3922
2017-11-03,1.031,0.6836
2017-11-06,1.041,0.9699
2017-11-07,1.05,0.8646
2017-11-08,1.06,0.9524
2017-11-09,1.071,1.0377
2017-11-10,1.083,1.1204
2017-11-13,1.084,0.0923
2017-11-14,1.084,0.0
2017-11-15,1.084,0.0
2017-11-16,1.084,0.0
2017-11-17,1.084,0.0
2017-11-20,1.084,0.0
2017-11-21,1.085,0.0923
2017-11-22,1.085,0.0
2017-11-23,1.085,0.0
2017-11-24,1.085,0.0
2017-11-27,1.085,0.0
2017-11-28,1.085,0.0
2017-11-29,1.086,0.0922
2017-11-30,1.086,0.0
2017-12-01,1.086,0.0
2017-12-04,1.086,0.0
2017-12-05,1.086,0.0
2017-12-06,1.085,-0.0921
2017-12-07,1.085,0.0
2017-12-08,1.085,0.0
2017-12-11,1.086,0.0922
2017-12-12,1.085,-0.0921
2017-12-13,1.085,0.0
2017-12-14,1.086,0.0922
2017-12-15,1.085,-0.0921
2017-12-18,1.085,0.0
2017-12-19,1.085,0.0
2017-12-20,1.085,0.0
2017-12-21,1.085,0.0
2017-12-22,1.086,0.0922
2017-12-25,1.086,0.0
2017-12-26,1.087,0.0921
2017-12-27,1.086,-0.092
2017-12-28,1.086,0.0
2017-12-29,1.088,0.1842
2017-12-31,1.088,0.0
2018-01-02,1.09,0.1838
2018-01-03,1.091,0.0917
2018-01-04,1.092,0.0917
2018-01-05,1.092,0.0
2018-01-08,1.093,0.0916
2018-01-09,1.093,0.0
2018-01-10,1.093,0.0
2018-01-11,1.093,0.0
2018-01-12,1.094,0.0915
2018-01-15,1.092,-0.1828
2018-01-16,1.093,0.0916
2018-01-17,1.092,-0.0915
2018-01-18,1.092,0.0
2018-01-19,1.093,0.0916
2018-01-22,1.094,0.0915
2018-01-23,1.094,0.0
2018-01-24,1.094,0.0
2018-01-25,1.094,0.0
2018-01-26,1.095,0.0914
2018-01-29,1.095,0.0
2018-01-30,1.095,0.0
2018-01-31,1.094,-0.0913
2018-02-01,1.094,0.0
2018-02-02,1.095,0.0914
2018-02-05,1.096,0.0913
2018-02-06,1.094,-0.1825
2018-02-07,1.094,0.0
2018-02-08,1.094,0.0
2018-02-09,1.092,-0.1828
2018-02-12,1.092,0.0
2018-02-13,1.093,0.0916
2018-02-14,1.094,0.0915
2018-02-22,1.095,0.0914
2018-02-23,1.096,0.0913
2018-02-26,1.098,0.1825
2018-02-27,1.097,-0.0911
2018-02-28,1.097,0.0
2018-03-01,1.099,0.1823
2018-03-02,1.098,-0.091
2018-03-05,1.098,0.0
2018-03-06,1.099,0.0911
2018-03-07,1.098,-0.091
2018-03-08,1.098,0.0
2018-03-09,1.098,0.0
2018-03-12,1.099,0.0911
2018-03-13,1.099,0.0
2018-03-14,1.101,0.182
2018-03-15,1.1,-0.0908
2018-03-16,1.1,0.0
2018-03-19,1.099,-0.0909
2018-03-20,1.1,0.091
2018-03-21,1.099,-0.0909
2018-03-22,1.099,0.0
2018-03-23,1.097,-0.182
2018-03-26,1.097,0.0
2018-03-27,1.097,0.0
2018-03-28,1.097,0.0
2018-03-29,1.098,0.0912
2018-03-30,1.098,0.0
2018-04-02,1.1,0.1821
2018-04-03,1.1,0.0
2018-04-04,1.1,0.0
2018-04-09,1.101,0.0909
2018-04-10,1.102,0.0908
2018-04-11,1.102,0.0
2018-04-12,1.101,-0.0907
2018-04-13,1.101,0.0
2018-04-16,1.101,0.0
2018-04-17,1.1,-0.0908
2018-04-18,1.101,0.0909
2018-04-19,1.101,0.0
2018-04-20,1.099,-0.1817
2018-04-23,1.099,0.0
2018-04-24,1.1,0.091
2018-04-25,1.101,0.0909
2018-04-26,1.1,-0.0908
2018-04-27,1.1,0.0
2018-05-02,1.101,0.0909
2018-05-03,1.101,0.0
2018-05-04,1.101,0.0
2018-05-07,1.102,0.0908
2018-05-08,1.102,0.0
2018-05-09,1.102,0.0
2018-05-10,1.103,0.0907
2018-05-11,1.103,0.0
2018-05-14,1.103,0.0
2018-05-15,1.103,0.0
2018-05-16,1.103,0.0
2018-05-17,1.103,0.0
2018-05-18,1.104,0.0907
2018-05-21,1.104,0.0
2018-05-22,1.104,0.0
2018-05-23,1.104,0.0
2018-05-24,1.103,-0.0906
2018-05-25,1.103,0.0
2018-05-28,1.103,0.0
2018-05-29,1.103,0.0
2018-05-30,1.103,0.0
2018-05-31,1.103,0.0
2018-06-01,1.103,0.0
2018-06-04,1.103,0.0
2018-06-05,1.103,0.0
2018-06-06,1.103,0.0
2018-06-07,1.103,0.0
2018-06-08,1.104,0.0907
2018-06-11,1.104,0.0
2018-06-12,1.104,0.0
2018-06-13,1.104,0.0
2018-06-14,1.104,0.0
2018-06-15,1.104,0.0
2018-06-19,1.104,0.0
2018-06-20,1.104,0.0
2018-06-21,1.105,0.0906
2018-06-22,1.105,0.0
2018-06-25,1.105,0.0
2018-06-26,1.106,0.0905
2018-06-27,1.106,0.0
2018-06-28,1.106,0.0
2018-06-29,1.106,0.0
2018-06-30,1.106,0.0
2018-07-02,1.107,0.0904
2018-07-03,1.107,0.0
2018-07-04,1.107,0.0
2018-07-05,1.108,0.0903
2018-07-06,1.108,0.0
2018-07-09,1.108,0.0
2018-07-10,1.108,0.0
2018-07-11,1.108,0.0
2018-07-12,1.108,0.0
2018-07-13,1.108,0.0
2018-07-16,1.108,0.0
2018-07-17,1.108,0.0
2018-07-18,1.109,0.0903
2018-07-19,1.109,0.0
2018-07-20,1.109,0.0
2018-07-23,1.109,0.0
2018-07-24,1.109,0.0
2018-07-25,1.109,0.0
2018-07-26,1.109,0.0
2018-07-27,1.109,0.0
2018-07-30,1.109,0.0
2018-07-31,1.11,0.0902
2018-08-01,1.11,0.0
2018-08-02,1.11,0.0
2018-08-03,1.11,0.0
2018-08-06,1.11,0.0
2018-08-07,1.11,0.0
2018-08-08,1.11,0.0
2018-08-09,1.11,0.0
2018-08-10,1.11,0.0
2018-08-13,1.11,0.0
2018-08-14,1.11,0.0
2018-08-15,1.11,0.0
2018-08-16,1.11,0.0
2018-08-17,1.11,0.0
2018-08-20,1.11,0.0
2018-08-21,1.11,0.0
2018-08-22,1.11,0.0
2018-08-23,1.11,0.0
2018-08-24,1.11,0.0
2018-08-27,1.11,0.0
2018-08-28,1.11,0.0
2018-08-29,1.111,0.0901
2018-08-30,1.111,0.0
2018-08-31,1.111,0.0
2018-09-03,1.111,0.0
2018-09-04,1.111,0.0
2018-09-05,1.111,0.0
2018-09-06,1.111,0.0
2018-09-07,1.111,0.0
2018-09-10,1.111,0.0
2018-09-11,1.111,0.0
2018-09-12,1.111,0.0
2018-09-13,1.111,0.0
2018-09-14,1.111,0.0
2018-09-17,1.111,0.0
2018-09-18,1.111,0.0
2018-09-19,1.1109,-0.009
2018-09-20,1.1108,-0.009
2018-09-21,1.1114,0.054
2018-09-25,1.1111,-0.027
2018-09-26,1.1109,-0.018
2018-09-27,1.11,-0.081
2018-09-28,1.1108,0.0721
2018-10-08,1.1069,-0.3511
2018-10-09,1.1088,0.1717
2018-10-10,1.1087,-0.009
2018-10-11,1.1061,-0.2345
2018-10-12,1.1065,0.0362
2018-10-15,1.1057,-0.0723
2018-10-16,1.102,-0.3346
2018-10-17,1.1033,0.118
2018-10-18,1.1014,-0.1722
2018-10-19,1.1096,0.7445
2018-10-22,1.1211,1.0364
2018-10-23,1.1141,-0.6244
2018-10-24,1.1123,-0.1616
2018-10-25,1.1051,-0.6473
2018-10-26,1.1052,0.009
2018-10-29,1.0999,-0.4796
2018-10-30,1.1011,0.1091
2018-10-31,1.1058,0.4268
2018-11-01,1.1073,0.1356
2018-11-02,1.1187,1.0295
2018-11-05,1.1192,0.0447
2018-11-06,1.1168,-0.2144
2018-11-07,1.1179,0.0985
2018-11-08,1.1141,-0.3399
2018-11-09,1.1121,-0.1795
2018-11-12,1.1215,0.8452
2018-11-13,1.1253,0.3388
2018-11-14,1.1256,0.0267
2018-11-15,1.1317,0.5419
2018-11-16,1.1351,0.3004
2018-11-19,1.1352,0.0088
2018-11-20,1.1312,-0.3524
2018-11-21,1.1312,0.0
2018-11-22,1.13,-0.1061
2018-11-23,1.1239,-0.5398
2018-11-26,1.1229,-0.089
2018-11-27,1.1233,0.0356
2018-11-28,1.1238,0.0445
2018-11-29,1.122,-0.1602
2018-11-30,1.1224,0.0357
2018-12-03,1.1242,0.1604
2018-12-04,1.1259,0.1512
2018-12-05,1.1243,-0.1421
2018-12-06,1.1204,-0.3469
2018-12-07,1.1223,0.1696
2018-12-10,1.1193,-0.2673
2018-12-11,1.1197,0.0357
2018-12-12,1.1203,0.0536
2018-12-13,1.1218,0.1339
2018-12-14,1.1167,-0.4546
2018-12-17,1.1167,0.0
2018-12-18,1.1125,-0.3761
2018-12-19,1.1095,-0.2697
2018-12-20,1.1107,0.1082
2018-12-21,1.1124,0.1531
2018-12-24,1.1125,0.009
2018-12-25,1.1096,-0.2607
2018-12-26,1.1085,-0.0991
2018-12-27,1.1087,0.018
2018-12-28,1.1105,0.1624
2018-12-31,1.1107,0.0
2019-01-02,1.1101,-0.036
2019-01-03,1.1107,0.054
2019-01-04,1.1164,0.5132
2019-01-07,1.1219,0.4927
2019-01-08,1.1203,-0.1426
2019-01-09,1.1203,0.0
2019-01-10,1.1209,0.0536
2019-01-11,1.122,0.0981
2019-01-14,1.1203,-0.1515
2019-01-15,1.1231,0.2499
2019-01-16,1.123,-0.0089
2019-01-17,1.1197,-0.2939
2019-01-18,1.1208,0.0982
2019-01-21,1.1218,0.0892
2019-01-22,1.12,-0.1605
2019-01-23,1.1207,0.0625
2019-01-24,1.1227,0.1785
2019-01-25,1.1253,0.2316
2019-01-28,1.1239,-0.1244
2019-01-29,1.1215,-0.2135
2019-01-30,1.1185,-0.2675
2019-01-31,1.1148,-0.3308
2019-02-01,1.1212,0.5741
2019-02-11,1.1277,0.5797
2019-02-12,1.1292,0.133
2019-02-13,1.1322,0.2657
2019-02-14,1.1339,0.1502
2019-02-15,1.1325,-0.1235
2019-02-18,1.1416,0.8035
2019-02-19,1.1402,-0.1226
2019-02-20,1.1398,-0.0351
2019-02-21,1.1421,0.2018
2019-02-22,1.1474,0.4641
2019-02-25,1.1628,1.3422
2019-02-26,1.1592,-0.3096
2019-02-27,1.1547,-0.3882
2019-02-28,1.1535,-0.1039
2019-03-01,1.1593,0.5028
2019-03-04,1.166,0.5779
2019-03-05,1.1777,1.0034
2019-03-06,1.1823,0.3906
2019-03-07,1.1878,0.4652
2019-03-08,1.1795,-0.6988
2019-03-11,1.1973,1.5091
2019-03-12,1.2103,1.0858
2019-03-13,1.2071,-0.2644
2019-03-14,1.1928,-1.1847
2019-03-15,1.2018,0.7545
2019-03-18,1.2102,0.699
2019-03-19,1.2138,0.2975
2019-03-20,1.212,-0.1483
2019-03-21,1.2195,0.6188
2019-03-22,1.2163,-0.2624
2019-03-25,1.2155,-0.0658
2019-03-26,1.2098,-0.4689
2019-03-27,1.2089,-0.0744
2019-03-28,1.2042,-0.3888
2019-03-29,1.2174,1.0962
2019-04-01,1.2302,1.0514
2019-04-02,1.2331,0.2357
2019-04-03,1.2389,0.4704
2019-04-04,1.2405,0.1291
2019-04-08,1.235,-0.4434
2019-04-09,1.2299,-0.413
2019-04-10,1.2269,-0.2439
2019-04-11,1.2193,-0.6194
2019-04-12,1.2199,0.0492
2019-04-15,1.2145,-0.4427
2019-04-16,1.2242,0.7987
2019-04-17,1.2245,0.0245
2019-04-18,1.227,0.2042
2019-04-19,1.2296,0.2119
2019-04-22,1.2282,-0.1139
2019-04-23,1.2184,-0.7979
2019-04-24,1.2229,0.3693
2019-04-25,1.2107,-0.9976
2019-04-26,1.2103,-0.033
2019-04-29,1.2005,-0.8097
2019-04-30,1.2013,0.0666
2019-05-06,1.1872,-1.1737
2019-05-07,1.1873,0.0084
2019-05-08,1.1864,-0.0758
2019-05-09,1.1848,-0.1349
2019-05-10,1.1933,0.7174
2019-05-13,1.1902,-0.2598
2019-05-14,1.1893,-0.0756
2019-05-15,1.1913,0.1682
2019-05-16,1.1916,0.0252
2019-05-17,1.1861,-0.4616
2019-05-20,1.1861,0.0
2019-05-21,1.1878,0.1433
2019-05-22,1.1876,-0.0168
2019-05-23,1.1846,-0.2526
2019-05-24,1.1824,-0.1857
2019-05-27,1.1871,0.3975
2019-05-28,1.1871,0.0
2019-05-29,1.186,-0.0927
2019-05-30,1.183,-0.253
2019-05-31,1.1851,0.1775
2019-06-03,1.1795,-0.4725
2019-06-04,1.1789,-0.0509
2019-06-05,1.1791,0.017
2019-06-06,1.1768,-0.1951
2019-06-10,1.1787,0.1615
2019-06-11,1.1847,0.509
2019-06-12,1.1847,0.0
2019-06-13,1.1854,0.0591
2019-06-14,1.1811,-0.3627
2019-06-17,1.1814,0.0254
2019-06-18,1.1818,0.0339
2019-06-19,1.1841,0.1946
2019-06-20,1.1904,0.532
2019-06-21,1.1961,0.4788
2019-06-24,1.193,-0.2592
2019-06-25,1.1816,-0.9556
2019-06-26,1.1849,0.2793
2019-06-27,1.1929,0.6752
2019-06-28,1.193,0.0084
2019-06-30,1.193,0.0
2019-07-01,1.2066,1.14
2019-07-02,1.2042,-0.1989
2019-07-03,1.1991,-0.4235
2019-07-04,1.1989,-0.0167
2019-07-05,1.2023,0.2836
2019-07-08,1.1943,-0.6654
2019-07-09,1.1959,0.134
2019-07-10,1.1949,-0.0836
2019-07-11,1.1941,-0.067
2019-07-12,1.1966,0.2094
2019-07-15,1.2024,0.4847
2019-07-16,1.2057,0.2745
2019-07-17,1.2077,0.1659
2019-07-18,1.2012,-0.5382
2019-07-19,1.2045,0.2747
2019-07-22,1.2024,-0.1743
2019-07-23,1.208,0.4657
2019-07-24,1.2145,0.5381
2019-07-25,1.215,0.0412
2019-07-26,1.2139,-0.0905
2019-07-29,1.2181,0.346
2019-07-30,1.221,0.2381
2019-07-31,1.2189,-0.172
2019-08-01,1.2223,0.2789
2019-08-02,1.2196,-0.2209
2019-08-05,1.2155,-0.3362
2019-08-06,1.2101,-0.4443
2019-08-07,1.2083,-0.1487
2019-08-08,1.2118,0.2897
2019-08-09,1.2085,-0.2723
2019-08-12,1.2199,0.9433
2019-08-13,1.221,0.0902
2019-08-14,1.222,0.0819
2019-08-15,1.2258,0.311
2019-08-16,1.2303,0.3671
2019-08-19,1.245,1.1948
2019-08-20,1.2448,-0.0161
2019-08-21,1.248,0.2571
2019-08-22,1.2484,0.0321
2019-08-23,1.2482,-0.016
2019-08-26,1.2438,-0.3525
2019-08-27,1.2504,0.5306
2019-08-28,1.2482,-0.1759
2019-08-29,1.2485,0.024
2019-08-30,1.2382,-0.825
2019-09-02,1.2483,0.8157
2019-09-03,1.2516,0.2644
2019-09-04,1.2572,0.4474
2019-09-05,1.2629,0.4534
2019-09-06,1.2611,-0.1425
2019-09-09,1.2743,1.0467
2019-09-10,1.2749,0.0471
2019-09-11,1.2752,0.0235
2019-09-12,1.2754,0.0157
2019-09-16,1.2726,-0.2195
2019-09-17,1.2619,-0.8408
2019-09-18,1.2649,0.2377
2019-09-19,1.2712,0.4981
2019-09-20,1.2736,0.1888
2019-09-23,1.2737,0.0079
2019-09-24,1.2793,0.4397
2019-09-25,1.2727,-0.5159
2019-09-26,1.2574,-1.2022
2019-09-27,1.2682,0.8589
2019-09-30,1.2596,-0.6781
2019-10-08,1.2612,0.127
2019-10-09,1.2606,-0.0476
2019-10-10,1.2663,0.4522
2019-10-11,1.2593,-0.5528
2019-10-14,1.2648,0.4368
2019-10-15,1.2581,-0.5297
2019-10-16,1.2543,-0.302
2019-10-17,1.2514,-0.2312
2019-10-18,1.2455,-0.4715
2019-10-21,1.2418,-0.2971
2019-10-22,1.2467,0.3946
2019-10-23,1.2426,-0.3289
2019-10-24,1.2438,0.0966
2019-10-25,1.2447,0.0724
2019-10-28,1.2536,0.715
2019-10-29,1.2509,-0.2154
2019-10-30,1.2457,-0.4157
2019-10-31,1.2429,-0.2248
2019-11-01,1.2461,0.2575
2019-11-04,1.2458,-0.0241
2019-11-05,1.247,0.0963
2019-11-06,1.2457,-0.1043
2019-11-07,1.2498,0.3291
2019-11-08,1.2507,0.072
2019-11-11,1.2409,-0.7836
2019-11-12,1.2378,-0.2498
2019-11-13,1.2351,-0.2181
2019-11-14,1.2394,0.3481
2019-11-15,1.2396,0.0161
2019-11-18,1.239,-0.0484
2019-11-19,1.2466,0.6134
2019-11-20,1.2397,-0.5535
2019-11-21,1.2383,-0.1129
2019-11-22,1.2342,-0.3311
2019-11-25,1.2313,-0.235
2019-11-26,1.2315,0.0162
2019-11-27,1.2303,-0.0974
2019-11-28,1.2294,-0.0732
2019-11-29,1.2315,0.1708
2019-12-02,1.2368,0.4304
2019-12-03,1.2398,0.2426
2019-12-04,1.2366,-0.2581
2019-12-05,1.2421,0.4448
2019-12-06,1.2481,0.4831
2019-12-09,1.2515,0.2724
2019-12-10,1.2545,0.2397
2019-12-11,1.2544,-0.008
2019-12-12,1.254,-0.0319
2019-12-13,1.2597,0.4545
2019-12-16,1.2702,0.8335
2019-12-17,1.2776,0.5826
2019-12-18,1.2765,-0.0861
2019-12-19,1.2773,0.0627
2019-12-20,1.2752,-0.1644
2019-12-23,1.2687,-0.5097
2019-12-24,1.2739,0.4099
2019-12-25,1.2803,0.5024
2019-12-26,1.2834,0.2421
2019-12-27,1.2797,-0.2883
2019-12-30,1.2786,-0.086
2019-12-31,1.2831,0.3519
2020-01-02,1.2935,0.8105
2020-01-03,1.2989,0.4175
2020-01-06,1.2994,0.0385
2020-01-07,1.3031,0.2847
2020-01-08,1.2972,-0.4528
2020-01-09,1.3091,0.9174
2020-01-10,1.3118,0.2062
2020-01-13,1.3221,0.7852
2020-01-14,1.3205,-0.121
2020-01-15,1.3187,-0.1363
2020-01-16,1.3228,0.3109
2020-01-17,1.3206,-0.1663
2020-01-20,1.3229,0.1742
2020-01-21,1.3154,-0.5669
2020-01-22,1.3177,0.1749
2020-01-23,1.2986,-1.4495
2020-02-03,1.26,-2.9724
2020-02-04,1.2624,0.1905
2020-02-05,1.2637,0.103
2020-02-06,1.2717,0.6331
2020-02-07,1.2788,0.5583
2020-02-10,1.2811,0.1799
2020-02-11,1.2781,-0.2342
2020-02-12,1.2853,0.5633
2020-02-13,1.2811,-0.3268
2020-02-14,1.2777,-0.2654
2020-02-17,1.2876,0.7748
2020-02-18,1.3031,1.2038
2020-02-19,1.2881,-1.1511
2020-02-20,1.2979,0.7608
2020-02-21,1.3062,0.6395
2020-02-24,1.314,0.5972
2020-02-25,1.3085,-0.4186
2020-02-26,1.2932,-1.1693
2020-02-27,1.2966,0.2629
2020-02-28,1.2709,-1.9821
2020-03-02,1.2872,1.2826
2020-03-03,1.2931,0.4584
2020-03-04,1.2934,0.0232
2020-03-05,1.2968,0.2629
2020-03-06,1.2935,-0.2545
2020-03-09,1.2791,-1.1133
2020-03-10,1.2865,0.5785
2020-03-11,1.2792,-0.5674
2020-03-12,1.2756,-0.2814
2020-03-13,1.2747,-0.0706
2020-03-16,1.2693,-0.4236
2020-03-17,1.2692,-0.0079
2020-03-18,1.266,-0.2521
2020-03-19,1.2685,0.1975
2020-03-20,1.2681,-0.0315
2020-03-23,1.2573,-0.8517
2020-03-24,1.2641,0.5408
2020-03-25,1.2688,0.3718
2020-03-26,1.2656,-0.2522
2020-03-27,1.2625,-0.2449
2020-03-30,1.256,-0.5149
2020-03-31,1.2574,0.1115
2020-04-01,1.2569,-0.0398
2020-04-02,1.2648,0.6285
2020-04-03,1.265,0.0158
2020-04-07,1.2754,0.8221
2020-04-08,1.2748,-0.047
2020-04-09,1.2793,0.353
2020-04-10,1.274,-0.4143
2020-04-13,1.267,-0.5495
2020-04-14,1.27,0.2368
2020-04-15,1.2689,-0.0866
2020-04-16,1.2753,0.5044
2020-04-17,1.2838,0.6665
2020-04-20,1.2884,0.3583
2020-04-21,1.284,-0.3415
2020-04-22,1.2856,0.1246
2020-04-23,1.2864,0.0622
2020-04-24,1.2766,-0.7618
2020-04-27,1.2779,0.1018
2020-04-28,1.2799,0.1565
2020-04-29,1.2778,-0.1641
2020-04-30,1.2791,0.1017
2020-05-06,1.2856,0.5082
2020-05-07,1.2844,-0.0933
2020-05-08,1.2885,0.3192
2020-05-11,1.2831,-0.4191
2020-05-12,1.2865,0.265
2020-05-13,1.2879,0.1088
2020-05-14,1.284,-0.3028
2020-05-15,1.2897,0.4439
2020-05-18,1.2947,0.3877
2020-05-19,1.2936,-0.085
2020-05-20,1.2957,0.1623
2020-05-21,1.2817,-1.0805
2020-05-22,1.2754,-0.4915
2020-05-25,1.272,-0.2666
2020-05-26,1.2733,0.1022
2020-05-27,1.2686,-0.3691
2020-05-28,1.2706,0.1577
2020-05-29,1.2734,0.2204
2020-06-01,1.2799,0.5104
2020-06-02,1.2769,-0.2344
2020-06-03,1.275,-0.1488
2020-06-04,1.2798,0.3765
2020-06-05,1.2758,-0.3125
2020-06-08,1.2741,-0.1332
2020-06-09,1.2735,-0.0471
2020-06-10,1.2782,0.3691
2020-06-11,1.2836,0.4225
2020-06-12,1.2869,0.2571
2020-06-15,1.2903,0.2642
2020-06-16,1.2995,0.713
2020-06-17,1.2991,-0.0308
2020-06-18,1.3026,0.2694
2020-06-19,1.3073,0.3608
2020-06-22,1.3128,0.4207
2020-06-23,1.3167,0.2971
2020-06-24,1.3198,0.2354
2020-06-29,1.3135,-0.4773
2020-06-30,1.3182,0.3578
2020-07-01,1.3148,-0.2579
2020-07-02,1.3155,0.0532
2020-07-03,1.3252,0.7374
2020-07-06,1.3375,0.9282
2020-07-07,1.3391,0.1196
2020-07-08,1.3505,0.8513
2020-07-09,1.3588,0.6146
2020-07-10,1.3516,-0.5299
2020-07-13,1.3639,0.91
2020-07-14,1.3634,-0.0367
2020-07-15,1.3567,-0.4914
2020-07-16,1.3365,-1.4889
2020-07-17,1.3307,-0.434
2020-07-20,1.3402,0.7139
2020-07-21,1.3372,-0.2238
2020-07-22,1.3414,0.3141
2020-07-23,1.3422,0.0596
2020-07-24,1.3202,-1.6391
2020-07-27,1.3224,0.1666
2020-07-28,1.3207,-0.1286
2020-07-29,1.3335,0.9692
2020-07-30,1.3319,-0.12
2020-07-31,1.3388,0.5181
2020-08-03,1.3514,0.9411
2020-08-04,1.3412,-0.7548
2020-08-05,1.3477,0.4846
2020-08-06,1.3486,0.0668
2020-08-07,1.3398,-0.6525
2020-08-10,1.3412,0.1045
2020-08-11,1.3313,-0.7381
2020-08-12,1.3257,-0.4206
2020-08-13,1.3268,0.083
2020-08-14,1.3293,0.1884
2020-08-17,1.3399,0.7974
2020-08-18,1.3378,-0.1567
2020-08-19,1.3273,-0.7849
2020-08-20,1.3254,-0.1431
2020-08-21,1.3293,0.2943
2020-08-24,1.3345,0.39
2020-08-25,1.3337,-0.06
2020-08-26,1.3188,-1.12
2020-08-27,1.3225,0.28
2020-08-28,1.3319,0.71
2020-08-31,1.335,0.23
2020-09-01,1.3423,0.55
2020-09-02,1.3432,0.07
2020-09-03,1.3365,-0.5
2020-09-04,1.3347,-0.13
2020-09-07,1.3281,-0.49
2020-09-08,1.3253,-0.21
2020-09-09,1.3179,-0.56
2020-09-10,1.3157,-0.17
2020-09-11,1.3285,0.97
2020-09-14,1.3333,0.36
2020-09-15,1.3414,0.61
2020-09-16,1.3477,0.47
2020-09-17,1.3472,-0.04
2020-09-18,1.3552,0.59
2020-09-21,1.3534,-0.13
2020-09-22,1.3447,-0.64
2020-09-23,1.3512,0.48
2020-09-24,1.3416,-0.71
2020-09-25,1.3443,0.2
2020-09-28,1.342,-0.17
2020-09-29,1.3462,0.31
2020-09-30,1.3446,-0.12
2020-10-09,1.3588,1.06
2020-10-12,1.3748,1.18
2020-10-13,1.3816,0.49
2020-10-14,1.3789,-0.2
2020-10-15,1.3708,-0.59
2020-10-16,1.3694,-0.1
2020-10-19,1.365,-0.32
2020-10-20,1.3708,0.42
2020-10-21,1.3606,-0.74
2020-10-22,1.3593,-0.1
2020-10-23,1.3499,-0.69
2020-10-26,1.3503,0.03
2020-10-27,1.3516,0.1
2020-10-28,1.3601,0.63
2020-10-29,1.3657,0.41
2020-10-30,1.3583,-0.54
2020-11-02,1.3676,0.68
2020-11-03,1.3722,0.34
2020-11-04,1.3698,-0.17
2020-11-05,1.3794,0.7
2020-11-06,1.3794,0.0
2020-11-09,1.3941,1.07
2020-11-10,1.3881,-0.43
2020-11-11,1.3785,-0.69
2020-11-12,1.3774,-0.08
2020-11-13,1.3786,0.09
2020-11-16,1.3806,0.15
2020-11-17,1.3737,-0.5
2020-11-18,1.3706,-0.23
2020-11-19,1.3718,0.09
2020-11-20,1.3801,0.61
2020-11-23,1.3869,0.49
2020-11-24,1.385,-0.14
2020-11-25,1.3787,-0.45
2020-11-26,1.3758,-0.21
2020-11-27,1.3755,-0.02
2020-11-30,1.3775,0.15
2020-12-01,1.386,0.62
2020-12-02,1.3904,0.32
2020-12-03,1.3893,-0.08
2020-12-04,1.3915,0.16
2020-12-07,1.392,0.04
2020-12-08,1.3919,-0.01
2020-12-09,1.3839,-0.57
2020-12-10,1.3909,0.51
2020-12-11,1.3861,-0.35
2020-12-14,1.3963,0.74
2020-12-15,1.3993,0.21
2020-12-16,1.3988,-0.04
2020-12-17,1.4026,0.27
2020-12-18,1.4011,-0.11
2020-12-21,1.4111,0.71
2020-12-22,1.3924,-1.33
2020-12-23,1.3975,0.37
2020-12-24,1.3905,-0.5
2020-12-25,1.3927,0.16
2020-12-28,1.3913,-0.1
2020-12-29,1.3846,-0.48
2020-12-30,1.3871,0.18
2020-12-31,1.3938,0.48
2021-01-04,1.402,0.59
2021-01-05,1.4108,0.63
2021-01-06,1.401,-0.69
2021-01-07,1.406,0.36
2021-01-08,1.3978,-0.58
2021-01-11,1.3827,-1.08
2021-01-12,1.3963,0.98
2021-01-13,1.3854,-0.78
2021-01-14,1.3693,-1.16
2021-01-15,1.3563,-0.95
2021-01-18,1.3608,0.33
2021-01-19,1.3567,-0.3
2021-01-20,1.3561,-0.04
2021-01-21,1.3557,-0.03
2021-01-22,1.3634,0.57
2021-01-25,1.3609,-0.18
2021-01-26,1.3486,-0.9
2021-01-27,1.3435,-0.38
2021-01-28,1.3361,-0.55
2021-01-29,1.3348,-0.1
2021-02-01,1.331,-0.28
2021-02-02,1.3396,0.65
2021-02-03,1.3356,-0.3
2021-02-04,1.3263,-0.7
2021-02-05,1.3185,-0.59
2021-02-08,1.3222,0.28
2021-02-09,1.3292,0.53
2021-02-10,1.3352,0.45
2021-02-18,1.3301,-0.38
2021-02-19,1.3248,-0.4
2021-02-22,1.3152,-0.72
2021-02-23,1.3161,0.07
2021-02-24,1.3057,-0.79
2021-02-25,1.3095,0.29
2021-02-26,1.2984,-0.85
2021-03-01,1.3065,0.62
2021-03-02,1.3023,-0.32
2021-03-03,1.3041,0.14
2021-03-04,1.2899,-1.09
2021-03-05,1.2866,-0.26
2021-03-08,1.2773,-0.72
2021-03-09,1.2705,-0.53
2021-03-10,1.2689,-0.13
2021-03-11,1.2722,0.26
2021-03-12,1.2675,-0.37
2021-03-15,1.2651,-0.19
2021-03-16,1.2669,0.14
2021-03-17,1.2715,0.36
2021-03-18,1.2777,0.49
2021-03-19,1.2704,-0.57
2021-03-22,1.2727,0.18
2021-03-23,1.2714,-0.1
2021-03-24,1.2618,-0.76
2021-03-25,1.2639,0.17
2021-03-26,1.2763,0.98
2021-03-29,1.2837,0.58
2021-03-30,1.2873,0.28
2021-03-31,1.2837,-0.28
2021-04-01,1.2859,0.17
2021-04-02,1.2882,0.18
2021-04-06,1.2962,0.62
2021-04-07,1.2908,-0.42
2021-04-08,1.2909,0.01
2021-04-09,1.2895,-0.11
2021-04-12,1.2861,-0.26
2021-04-13,1.2856,-0.04
2021-04-14,1.2934,0.61
2021-04-15,1.2934,0.0
2021-04-16,1.2938,0.03
2021-04-19,1.3029,0.7
2021-04-20,1.3019,-0.08
2021-04-21,1.3018,-0.01
2021-04-22,1.3038,0.15
2021-04-23,1.3075,0.28
2021-04-26,1.3076,0.01
2021-04-27,1.3058,-0.14
2021-04-28,1.3123,0.5
2021-04-29,1.3079,-0.34
2021-04-30,1.3105,0.2
2021-05-06,1.3101,-0.03
2021-05-07,1.2998,-0.79
2021-05-10,1.3048,0.38
2021-05-11,1.2955,-0.71
2021-05-12,1.2964,0.07
2021-05-13,1.2874,-0.69
2021-05-14,1.2907,0.26
2021-05-17,1.2985,0.6
2021-05-18,1.3036,0.39
2021-05-19,1.3074,0.29
2021-05-20,1.3003,-0.54
2021-05-21,1.3017,0.11
2021-05-24,1.3002,-0.12
2021-05-25,1.3033,0.24
2021-05-26,1.3041,0.06
2021-05-27,1.3135,0.72
2021-05-28,1.3189,0.41
2021-05-31,1.3259,0.53
2021-06-01,1.3299,0.3
2021-06-02,1.3264,-0.26
2021-06-03,1.3254,-0.08
2021-06-04,1.3232,-0.17
2021-06-07,1.3251,0.14
2021-06-08,1.3193,-0.44
2021-06-09,1.3184,-0.07
2021-06-10,1.3225,0.31
2021-06-11,1.3193,-0.24
2021-06-15,1.3158,-0.27
2021-06-16,1.3052,-0.81
2021-06-17,1.3096,0.34
2021-06-18,1.3131,0.27
2021-06-21,1.3262,1.0
2021-06-22,1.327,0.06
2021-06-23,1.3301,0.23
2021-06-24,1.3281,-0.15
2021-06-25,1.3307,0.2
2021-06-28,1.3359,0.39
2021-06-29,1.335,-0.07
2021-06-30,1.3352,0.01
2021-07-01,1.3271,-0.61
2021-07-02,1.3204,-0.5
2021-07-05,1.3281,0.58
2021-07-06,1.3306,0.19
2021-07-07,1.3476,1.28
2021-07-08,1.3616,1.04
2021-07-09,1.3681,0.48
2021-07-12,1.3754,0.53
2021-07-13,1.3852,0.71
2021-07-14,1.3704,-1.07
2021-07-15,1.3727,0.17
2021-07-16,1.3807,0.58
2021-07-19,1.3861,0.39
2021-07-20,1.3958,0.7
2021-07-21,1.407,0.8
2021-07-22,1.4089,0.14
2021-07-23,1.4122,0.23
2021-07-26,1.4104,-0.13
2021-07-27,1.396,-1.02
2021-07-28,1.3859,-0.72
2021-07-29,1.3997,1.0
2021-07-30,1.4002,0.04
2021-08-02,1.4093,0.65
2021-08-03,1.4016,-0.55
2021-08-04,1.4121,0.75
2021-08-05,1.413,0.06
2021-08-06,1.4148,0.13
2021-08-09,1.4132,-0.11
2021-08-10,1.4147,0.11
2021-08-11,1.4151,0.03
2021-08-12,1.4135,-0.11
2021-08-13,1.4132,-0.02
2021-08-16,1.4132,0.0
2021-08-17,1.4132,0.0
2021-08-18,1.4132,0.0
2021-08-19,1.4133,0.01
2021-08-20,1.4133,0.0
2021-08-23,1.4132,-0.01
2021-08-24,1.4132,0.0
2021-08-25,1.4132,0.0
2021-08-26,1.4131,-0.01
2021-08-27,1.4131,0.0
2021-08-30,1.4132,0.01
2021-08-31,1.4131,-0.01
2021-09-01,1.4133,0.01
2021-09-02,1.4132,-0.01
2021-09-03,1.4133,0.01
2021-09-06,1.4135,0.01
2021-09-07,1.4134,-0.01
2021-09-08,1.4135,0.01
2021-09-09,1.4135,0.0
2021-09-10,1.4135,0.0
2021-09-13,1.4136,0.01
2021-09-14,1.4133,-0.02
2021-09-15,1.4133,0.0
2021-09-16,1.4133,0.0
2021-09-17,1.4135,0.01
2021-09-22,1.4137,0.01
2021-09-23,1.4138,0.01
2021-09-24,1.4138,0.0
2021-09-27,1.4138,0.0
2021-09-28,1.4138,0.0
2021-09-29,1.4138,0.0
2021-09-30,1.4144,0.04
2021-10-08,1.4147,0.02
2021-10-11,1.4148,0.01
2021-10-12,1.4149,0.01
2021-10-13,1.4149,0.0
2021-10-14,1.4151,0.01
2021-10-15,1.4151,0.0
2021-10-18,1.4151,0.0
2021-10-19,1.415,-0.01
2021-10-20,1.4152,0.01
2021-10-21,1.4149,-0.02
2021-10-22,1.4151,0.01
2021-10-25,1.4153,0.01
2021-10-26,1.4154,0.01
2021-10-27,1.4154,0.0
2021-10-28,1.4156,0.01
2021-10-29,1.4157,0.01
2021-11-01,1.4158,0.01
2021-11-02,1.4161,0.02
2021-11-03,1.4162,0.01
2021-11-04,1.4163,0.01
2021-11-05,1.4163,0.0
2021-11-08,1.4165,0.01
2021-11-09,1.4165,0.0
2021-11-10,1.4165,0.0
2021-11-11,1.4165,0.0
2021-11-12,1.4165,0.0
2021-11-15,1.4168,0.02
2021-11-16,1.4168,0.0
2021-11-17,1.4169,0.01
2021-11-18,1.4169,0.0
2021-11-19,1.417,0.01
2021-11-22,1.4173,0.02
2021-11-23,1.4174,0.01
2021-11-24,1.4173,-0.01
2021-11-25,1.4174,0.01
2021-11-26,1.4176,0.01
2021-11-29,1.4176,0.0
2021-11-30,1.4174,-0.01
2021-12-01,1.4178,0.03
2021-12-02,1.4177,-0.01
2021-12-03,1.4177,0.0
2021-12-06,1.4179,0.01
2021-12-07,1.4179,0.0
2021-12-08,1.4177,-0.01
2021-12-09,1.4174,-0.02
2021-12-10,1.4175,0.01
2021-12-13,1.4176,0.01
2021-12-14,1.4175,-0.01
2021-12-15,1.4175,0.0
2021-12-16,1.4176,0.01
2021-12-17,1.4176,0.0
2021-12-20,1.4176,0.0
2021-12-21,1.4173,-0.02
2021-12-22,1.4174,0.01
2021-12-23,1.4173,-0.01
2021-12-24,1.4174,0.01
2021-12-27,1.4174,0.0
2021-12-28,1.4176,0.01
2021-12-29,1.4176,0.0
2021-12-30,1.418,0.03
2021-12-31,1.4181,0.01
2022-01-04,1.4186,0.04
2022-01-05,1.4187,0.01
2022-01-06,1.4188,0.01
2022-01-07,1.419,0.01
2022-01-10,1.4191,0.01
2022-01-11,1.4192,0.01
2022-01-12,1.4193,0.01
2022-01-13,1.4192,-0.01
2022-01-14,1.4193,0.01
2022-01-17,1.4192,-0.01
2022-01-18,1.4195,0.02
2022-01-19,1.4197,0.01
2022-01-20,1.4197,0.0
2022-01-21,1.4201,0.03
2022-01-24,1.4203,0.01
2022-01-25,1.4204,0.01
2022-01-26,1.4205,0.01
2022-01-27,1.4204,-0.01
2022-01-28,1.4205,0.01
2022-02-07,1.4208,0.02
2022-02-08,1.421,0.01
2022-02-09,1.421,0.0
2022-02-10,1.4211,0.01
2022-02-11,1.4211,0.0
2022-02-14,1.4212,0.01
2022-02-15,1.4212,0.0
2022-02-16,1.4213,0.01
2022-02-17,1.4212,-0.01
2022-02-18,1.4212,0.0
2022-02-21,1.4211,-0.01
2022-02-22,1.421,-0.01
2022-02-23,1.4211,0.01
2022-02-24,1.4211,0.0
2022-02-25,1.4211,0.0
2022-02-28,1.4211,0.0
2022-03-01,1.4212,0.01
2022-03-02,1.4212,0.0
2022-03-03,1.4212,0.0
2022-03-04,1.4211,-0.01
2022-03-07,1.4211,0.0
2022-03-08,1.4211,0.0
2022-03-09,1.4211,0.0
2022-03-10,1.4207,-0.03
2022-03-11,1.4218,0.08
2022-03-14,1.4252,0.24
2022-03-15,1.4202,-0.35
2022-03-16,1.4249,0.33
2022-03-17,1.4238,-0.08
2022-03-18,1.4267,0.2
2022-03-21,1.426,-0.05
2022-03-22,1.4255,-0.04
2022-03-23,1.4241,-0.1
2022-03-24,1.4237,-0.03
2022-03-25,1.4219,-0.13
2022-03-28,1.4211,-0.06
2022-03-29,1.4208,-0.02
2022-03-30,1.424,0.23
2022-03-31,1.4256,0.11
2022-04-01,1.4292,0.25
2022-04-06,1.4321,0.2
2022-04-07,1.4305,-0.11
2022-04-08,1.4309,0.03
2022-04-11,1.4299,-0.07
2022-04-12,1.4297,-0.01
2022-04-13,1.4301,0.03
2022-04-14,1.4315,0.1
2022-04-15,1.4319,0.03
2022-04-18,1.4294,-0.17
2022-04-19,1.4295,0.01
2022-04-20,1.4282,-0.09
2022-04-21,1.4279,-0.02
2022-04-22,1.4289,0.07
2022-04-25,1.4267,-0.15
2022-04-26,1.4256,-0.08
2022-04-27,1.4257,0.01
2022-04-28,1.4255,-0.01
2022-04-29,1.4265,0.07
2022-05-05,1.4264,-0.01
2022-05-06,1.425,-0.1
2022-05-09,1.425,0.0
2022-05-10,1.4253,0.02
2022-05-11,1.4256,0.02
2022-05-12,1.4261,0.04
2022-05-13,1.4274,0.09
2022-05-16,1.4275,0.01
2022-05-17,1.4284,0.06
2022-05-18,1.4291,0.05
2022-05-19,1.4286,-0.03
2022-05-20,1.4299,0.09
2022-05-23,1.4308,0.06
2022-05-24,1.4296,-0.08
2022-05-25,1.4299,0.02
2022-05-26,1.431,0.08
2022-05-27,1.4315,0.03
2022-05-30,1.4306,-0.06
2022-05-31,1.43,-0.04
2022-06-01,1.4293,-0.05
2022-06-02,1.4284,-0.06
2022-06-06,1.4282,-0.01
2022-06-07,1.4283,0.01
2022-06-08,1.4288,0.04
2022-06-09,1.4298,0.07
2022-06-10,1.4304,0.04
2022-06-13,1.4297,-0.05
2022-06-14,1.43,0.02
2022-06-15,1.4325,0.17
2022-06-16,1.4316,-0.06
2022-06-17,1.432,0.03
2022-06-20,1.4311,-0.06
2022-06-21,1.4307,-0.03
2022-06-22,1.4302,-0.03
2022-06-23,1.431,0.06
2022-06-24,1.4316,0.04
2022-06-27,1.4318,0.01
2022-06-28,1.4328,0.07
2022-06-29,1.4318,-0.07
2022-06-30,1.4332,0.1
2022-07-01,1.4336,0.03
2022-07-04,1.4337,0.01
2022-07-05,1.4326,-0.08
2022-07-06,1.4313,-0.09
2022-07-07,1.4318,0.03
2022-07-08,1.4322,0.03
2022-07-11,1.4315,-0.05
2022-07-12,1.4311,-0.03
2022-07-13,1.4315,0.03
2022-07-14,1.431,-0.03
2022-07-15,1.4297,-0.09
2022-07-18,1.4319,0.15
2022-07-19,1.4318,-0.01
2022-07-20,1.4332,0.1
2022-07-21,1.4323,-0.06
2022-07-22,1.4305,-0.13
2022-07-25,1.4304,-0.01
2022-07-26,1.4332,0.2
2022-07-27,1.4337,0.03
2022-07-28,1.4342,0.03
2022-07-29,1.4324,-0.13
2022-08-01,1.4346,0.15
2022-08-02,1.4335,-0.08
2022-08-03,1.4326,-0.06
2022-08-04,1.4333,0.05
2022-08-05,1.4358,0.17
2022-08-08,1.4352,-0.04
2022-08-09,1.4349,-0.02
2022-08-10,1.4341,-0.06
2022-08-11,1.4368,0.19
2022-08-12,1.4356,-0.08
2022-08-15,1.4361,0.03
2022-08-16,1.436,-0.01
2022-08-17,1.4373,0.09
2022-08-18,1.4354,-0.13
2022-08-19,1.4344,-0.07
2022-08-22,1.436,0.11
2022-08-23,1.435,-0.07
2022-08-24,1.4317,-0.23
2022-08-25,1.4333,0.11
2022-08-26,1.4332,-0.01
2022-08-29,1.4337,0.03
2022-08-30,1.4336,-0.01
2022-08-31,1.4334,-0.01
2022-09-01,1.4323,-0.08
2022-09-02,1.432,-0.02
2022-09-05,1.4324,0.03
2022-09-06,1.4341,0.12
2022-09-07,1.4346,0.03
2022-09-08,1.4349,0.02
2022-09-09,1.4371,0.15
2022-09-13,1.4375,0.03
2022-09-14,1.4363,-0.08
2022-09-15,1.4347,-0.11
2022-09-16,1.4312,-0.24
2022-09-19,1.429,-0.15
2022-09-20,1.4296,0.04
2022-09-21,1.4295,-0.01
2022-09-22,1.4286,-0.06
2022-09-23,1.4276,-0.07
2022-09-26,1.425,-0.18
2022-09-27,1.4272,0.15
2022-09-28,1.4234,-0.27
2022-09-29,1.4237,0.02
2022-09-30,1.423,-0.05
2022-10-10,1.4204,-0.18
2022-10-11,1.4197,-0.05
2022-10-12,1.4228,0.22
2022-10-13,1.4233,0.04
2022-10-14,1.4267,0.24
2022-10-17,1.4296,0.2
2022-10-18,1.4299,0.02
2022-10-19,1.4272,-0.19
2022-10-20,1.4274,0.01
2022-10-21,1.4268,-0.04
2022-10-24,1.4236,-0.22
2022-10-25,1.4212,-0.17
2022-10-26,1.4238,0.18
2022-10-27,1.4237,-0.01
2022-10-28,1.419,-0.33
2022-10-31,1.4185,-0.04
2022-11-01,1.423,0.32
2022-11-02,1.4245,0.11
2022-11-03,1.4229,-0.11
2022-11-04,1.4278,0.34
2022-11-07,1.4284,0.04
2022-11-08,1.427,-0.1
2022-11-09,1.425,-0.14
2022-11-10,1.4223,-0.19
2022-11-11,1.4275,0.37
2022-11-14,1.4259,-0.11
2022-11-15,1.4287,0.2
2022-11-16,1.4283,-0.03
2022-11-17,1.4294,0.08
2022-11-18,1.4271,-0.16
2022-11-21,1.4274,0.02
2022-11-22,1.4277,0.02
2022-11-23,1.4278,0.01
2022-11-24,1.4279,0.01
2022-11-25,1.4283,0.03
2022-11-28,1.4246,-0.26
2022-11-29,1.4291,0.32
2022-11-30,1.4283,-0.06
2022-12-01,1.4301,0.13
2022-12-02,1.429,-0.08
2022-12-05,1.4332,0.29
2022-12-06,1.4336,0.03
2022-12-07,1.4321,-0.1
2022-12-08,1.4307,-0.1
2022-12-09,1.4317,0.07
2022-12-12,1.4291,-0.18
2022-12-13,1.4276,-0.1
2022-12-14,1.4287,0.08
2022-12-15,1.4279,-0.06
2022-12-16,1.4277,-0.01
2022-12-19,1.4258,-0.13
2022-12-20,1.4246,-0.08
2022-12-21,1.4248,0.01
2022-12-22,1.4249,0.01
2022-12-23,1.425,0.01
2022-12-26,1.4254,0.03
2022-12-27,1.4268,0.1
2022-12-28,1.4265,-0.02
2022-12-29,1.4272,0.05
2022-12-30,1.4278,0.04
2022-12-31,1.428,0.01
2023-01-03,1.4295,0.12
2023-01-04,1.4304,0.06
2023-01-05,1.4319,0.1
2023-01-06,1.4312,-0.05
2023-01-09,1.4328,0.11
2023-01-10,1.432,-0.06
2023-01-11,1.4313,-0.05
2023-01-12,1.4314,0.01
2023-01-13,1.4323,0.06
2023-01-16,1.4332,0.06
2023-01-17,1.434,0.06
2023-01-18,1.4345,0.03
2023-01-19,1.4355,0.07
2023-01-20,1.4376,0.15
2023-01-30,1.4397,0.15
2023-01-31,1.4393,-0.03
2023-02-01,1.4425,0.22
2023-02-02,1.4421,-0.03
2023-02-03,1.4426,0.03
2023-02-06,1.4416,-0.07
2023-02-07,1.4425,0.06
2023-02-08,1.4407,-0.12
2023-02-09,1.4441,0.24
2023-02-10,1.4438,-0.02
2023-02-13,1.4449,0.08
2023-02-14,1.4452,0.02
2023-02-15,1.4456,0.03
2023-02-16,1.4435,-0.15
2023-02-17,1.4414,-0.15
2023-02-20,1.4459,0.31
2023-02-21,1.4468,0.06
2023-02-22,1.446,-0.06
2023-02-23,1.4453,-0.05
2023-02-24,1.445,-0.02
2023-02-27,1.4436,-0.1
2023-02-28,1.445,0.1
2023-03-01,1.4471,0.15
2023-03-02,1.4478,0.05
2023-03-03,1.4487,0.06
2023-03-06,1.4489,0.01
2023-03-07,1.4473,-0.11
2023-03-08,1.4473,0.0
2023-03-09,1.446,-0.09
2023-03-10,1.4438,-0.15
2023-03-13,1.4467,0.2
2023-03-14,1.4448,-0.13
2023-03-15,1.445,0.01
2023-03-16,1.4425,-0.17
2023-03-17,1.4449,0.17
2023-03-20,1.4461,0.08
2023-03-21,1.4481,0.14
2023-03-22,1.4511,0.21
2023-03-23,1.4545,0.23
2023-03-24,1.4547,0.01
2023-03-27,1.4542,-0.03
2023-03-28,1.4546,0.03
2023-03-29,1.4538,-0.05
2023-03-30,1.4542,0.03
2023-03-31,1.4554,0.08
2023-04-03,1.4581,0.19
2023-04-04,1.4604,0.16
2023-04-06,1.4612,0.05
2023-04-07,1.4605,-0.05
2023-04-10,1.4596,-0.06
2023-04-11,1.4605,0.06
2023-04-12,1.461,0.03
2023-04-13,1.4611,0.01
2023-04-14,1.4613,0.01
2023-04-17,1.4644,0.21
2023-04-18,1.4632,-0.08
2023-04-19,1.4624,-0.05
2023-04-20,1.4611,-0.09
2023-04-21,1.4576,-0.24
2023-04-24,1.4564,-0.08
2023-04-25,1.4559,-0.03
2023-04-26,1.4559,0.0
2023-04-27,1.4577,0.12
2023-04-28,1.4597,0.14
2023-05-04,1.4609,0.08
2023-05-05,1.4591,-0.12
2023-05-08,1.4613,0.15
2023-05-09,1.4599,-0.1
2023-05-10,1.4581,-0.12
2023-05-11,1.4582,0.01
2023-05-12,1.4546,-0.25
2023-05-15,1.4573,0.19
2023-05-16,1.4567,-0.04
2023-05-17,1.4574,0.05
2023-05-18,1.4569,-0.03
2023-05-19,1.4572,0.02
2023-05-22,1.4583,0.08
2023-05-23,1.4564,-0.13
2023-05-24,1.4547,-0.12
2023-05-25,1.4535,-0.08
2023-05-26,1.4548,0.09
2023-05-29,1.4545,-0.02
2023-05-30,1.4547,0.01
2023-05-31,1.4545,-0.01
2023-06-01,1.4545,0.0
2023-06-02,1.4563,0.12
2023-06-05,1.4559,-0.03
2023-06-06,1.4534,-0.17
2023-06-07,1.4532,-0.01
2023-06-08,1.454,0.06
2023-06-09,1.4551,0.08
2023-06-12,1.4565,0.1
2023-06-13,1.4575,0.07
2023-06-14,1.4594,0.13
2023-06-15,1.4615,0.14
2023-06-16,1.4623,0.05
2023-06-19,1.4626,0.02
2023-06-20,1.4634,0.05
2023-06-21,1.4598,-0.25
2023-06-26,1.4565,-0.23
2023-06-27,1.4592,0.19
2023-06-28,1.4601,0.06
2023-06-29,1.4623,0.15
2023-06-30,1.4646,0.16
2023-07-03,1.4674,0.19
2023-07-04,1.4678,0.03
2023-07-05,1.4677,-0.01
2023-07-06,1.4668,-0.06
2023-07-07,1.4669,0.01
2023-07-10,1.4676,0.05
2023-07-11,1.4689,0.09
2023-07-12,1.4668,-0.14
2023-07-13,1.4697,0.2
2023-07-14,1.4685,-0.08
2023-07-17,1.4682,-0.02
2023-07-18,1.4684,0.01
2023-07-19,1.4682,-0.01
2023-07-20,1.4667,-0.1
2023-07-21,1.4669,0.01
2023-07-24,1.4665,-0.03
2023-07-25,1.4698,0.23
2023-07-26,1.4695,-0.02
2023-07-27,1.4683,-0.08
2023-07-28,1.4721,0.26
2023-07-31,1.4734,0.09
2023-08-01,1.4723,-0.07
2023-08-02,1.4722,-0.01
2023-08-03,1.474,0.12
2023-08-04,1.475,0.07
2023-08-07,1.4759,0.06
2023-08-08,1.4759,0.0
2023-08-09,1.4745,-0.09
2023-08-10,1.4754,0.06
2023-08-11,1.4727,-0.18
2023-08-14,1.4729,0.01
2023-08-15,1.473,0.01
2023-08-16,1.4717,-0.09
2023-08-17,1.4735,0.12
2023-08-18,1.4721,-0.1
2023-08-21,1.4705,-0.11
2023-08-22,1.4713,0.05
2023-08-23,1.4691,-0.15
2023-08-24,1.4705,0.1
2023-08-25,1.4681,-0.16
2023-08-28,1.4682,0.01
2023-08-29,1.4714,0.22
2023-08-30,1.472,0.04
2023-08-31,1.4716,-0.03
2023-09-01,1.4719,0.02
2023-09-04,1.4723,0.03
2023-09-05,1.4708,-0.1
2023-09-06,1.4703,-0.03
2023-09-07,1.4675,-0.19
2023-09-08,1.4676,0.01
2023-09-11,1.4688,0.08
2023-09-12,1.4701,0.09
2023-09-13,1.4693,-0.05
2023-09-14,1.4697,0.03
2023-09-15,1.4699,0.01
2023-09-18,1.4701,0.01
2023-09-19,1.4689,-0.08
2023-09-20,1.4682,-0.05
2023-09-21,1.4677,-0.03
2023-09-22,1.47,0.16
2023-09-25,1.4693,-0.05
2023-09-26,1.4681,-0.08
2023-09-27,1.4685,0.03
2023-09-28,1.4695,0.07
2023-10-09,1.4692,-0.02
2023-10-10,1.4681,-0.07
2023-10-11,1.4673,-0.05
2023-10-12,1.4677,0.03
2023-10-13,1.4663,-0.1
2023-10-16,1.4656,-0.05
2023-10-17,1.4657,0.01
2023-10-18,1.464,-0.12
2023-10-19,1.4604,-0.25
2023-10-20,1.459,-0.1
2023-10-23,1.4568,-0.15
2023-10-24,1.4581,0.09
2023-10-25,1.4595,0.1
2023-10-26,1.4609,0.1
2023-10-27,1.4628,0.13
2023-10-30,1.464,0.08
2023-10-31,1.4643,0.02
2023-11-01,1.4649,0.04
2023-11-02,1.4637,-0.08
2023-11-03,1.4665,0.19
2023-11-06,1.4699,0.23
2023-11-07,1.4699,0.0
2023-11-08,1.469,-0.06
2023-11-09,1.4684,-0.04
2023-11-10,1.4686,0.01
2023-11-13,1.4701,0.1
2023-11-14,1.4709,0.05
2023-11-15,1.4723,0.1
2023-11-16,1.471,-0.09
2023-11-17,1.4718,0.05
2023-11-20,1.4734,0.11
2023-11-21,1.4723,-0.07
2023-11-22,1.4703,-0.14
2023-11-23,1.4709,0.04
2023-11-24,1.4695,-0.1
2023-11-27,1.4692,-0.02
2023-11-28,1.4699,0.05
2023-11-29,1.4695,-0.03
2023-11-30,1.4697,0.01
2023-12-01,1.4698,0.01
2023-12-04,1.4695,-0.02
2023-12-05,1.4664,-0.21
2023-12-06,1.4672,0.05
2023-12-07,1.4675,0.02
2023-12-08,1.467,-0.03
2023-12-11,1.4697,0.18
2023-12-12,1.4695,-0.01
2023-12-13,1.469,-0.03
2023-12-14,1.4687,-0.02
2023-12-15,1.4686,-0.01
2023-12-18,1.4673,-0.09
2023-12-19,1.4678,0.03
2023-12-20,1.4652,-0.18
2023-12-21,1.4663,0.08
2023-12-22,1.4662,-0.01
2023-12-25,1.4678,0.11
2023-12-26,1.4661,-0.12
2023-12-27,1.4684,0.16
2023-12-28,1.4713,0.2
2023-12-29,1.4734,0.14
2023-12-31,1.4736,0.01
2024-01-02,1.4733,-0.02
2024-01-03,1.4725,-0.05
2024-01-04,1.4715,-0.07
2024-01-05,1.4697,-0.12
2024-01-08,1.4664,-0.22
2024-01-09,1.4671,0.05
2024-01-10,1.4661,-0.07
2024-01-11,1.4679,0.12
2024-01-12,1.4676,-0.02
2024-01-15,1.4671,-0.03
2024-01-16,1.467,-0.01
2024-01-17,1.4629,-0.28
2024-01-18,1.4637,0.05
2024-01-19,1.4624,-0.09
2024-01-22,1.4561,-0.43
2024-01-23,1.4581,0.14
2024-01-24,1.4604,0.16
2024-01-25,1.4655,0.35
2024-01-26,1.4638,-0.12
2024-01-29,1.4622,-0.11
2024-01-30,1.4601,-0.14
2024-01-31,1.4569,-0.22
2024-02-01,1.4563,-0.04
2024-02-02,1.4517,-0.32
2024-02-05,1.4502,-0.1
2024-02-06,1.459,0.61
2024-02-07,1.4664,0.51
2024-02-08,1.469,0.18
2024-02-19,1.4714,0.16
2024-02-20,1.4732,0.12
2024-02-21,1.4741,0.06
2024-02-22,1.4767,0.18
2024-02-23,1.4792,0.17
2024-02-26,1.4809,0.11
2024-02-27,1.4847,0.26
2024-02-28,1.4801,-0.31
2024-02-29,1.4853,0.35
2024-03-01,1.4859,0.04
2024-03-04,1.4871,0.08
2024-03-05,1.4874,0.02
2024-03-06,1.4886,0.08
2024-03-07,1.4876,-0.07
2024-03-08,1.4896,0.13
2024-03-11,1.4901,0.03
2024-03-12,1.4885,-0.11
2024-03-13,1.4892,0.05
2024-03-14,1.4877,-0.1
2024-03-15,1.4908,0.21
2024-03-18,1.4948,0.27
2024-03-19,1.4935,-0.09
2024-03-20,1.4946,0.07
2024-03-21,1.4946,0.0
2024-03-22,1.4923,-0.15
2024-03-25,1.4892,-0.21
2024-03-26,1.4894,0.01
2024-03-27,1.4861,-0.22
2024-03-28,1.489,0.2
2024-03-29,1.4919,0.19
2024-04-01,1.494,0.14
2024-04-02,1.4927,-0.09
2024-04-03,1.4935,0.05
2024-04-08,1.4923,-0.08
2024-04-09,1.494,0.11
2024-04-10,1.4918,-0.15
2024-04-11,1.4924,0.04
2024-04-12,1.4926,0.01
2024-04-15,1.4952,0.17
2024-04-16,1.4907,-0.3
2024-04-17,1.4952,0.3
2024-04-18,1.4968,0.11
2024-04-19,1.4976,0.05
2024-04-22,1.4974,-0.01
2024-04-23,1.4967,-0.05
2024-04-24,1.4969,0.01
2024-04-25,1.4956,-0.09
2024-04-26,1.4973,0.11
2024-04-29,1.4971,-0.01
2024-04-30,1.4974,0.02
2024-05-06,1.5005,0.21
2024-05-07,1.5026,0.14
2024-05-08,1.5005,-0.14
2024-05-09,1.5009,0.03
2024-05-10,1.5,-0.06
2024-05-13,1.5004,0.03
2024-05-14,1.502,0.11
2024-05-15,1.5005,-0.1
2024-05-16,1.5004,-0.01
2024-05-17,1.5017,0.09
2024-05-20,1.5031,0.09
2024-05-21,1.5015,-0.11
2024-05-22,1.5021,0.04
2024-05-23,1.5009,-0.08
2024-05-24,1.4983,-0.17
2024-05-27,1.4998,0.1
2024-05-28,1.4986,-0.08
2024-05-29,1.4993,0.05
2024-05-30,1.4995,0.01
2024-05-31,1.4999,0.03
2024-06-03,1.4999,0.0
2024-06-04,1.5011,0.08
2024-06-05,1.501,-0.01
2024-06-06,1.4996,-0.09
2024-06-07,1.4998,0.01
2024-06-11,1.5005,0.05
2024-06-12,1.5011,0.04
2024-06-13,1.5008,-0.02
2024-06-14,1.5008,0.0
2024-06-17,1.5008,0.0
2024-06-18,1.5015,0.05
2024-06-19,1.4995,-0.13
2024-06-20,1.4972,-0.15
2024-06-21,1.4968,-0.03
2024-06-24,1.4935,-0.22
2024-06-25,1.4924,-0.07
2024-06-26,1.496,0.24
2024-06-27,1.4938,-0.15
2024-06-28,1.496,0.15
2024-06-30,1.4961,0.01
2024-07-01,1.4966,0.03
2024-07-02,1.4952,-0.09
2024-07-03,1.4942,-0.07
2024-07-04,1.4925,-0.11
2024-07-05,1.4918,-0.05
2024-07-08,1.4874,-0.29
2024-07-09,1.4912,0.26
2024-07-10,1.4903,-0.06
2024-07-11,1.4938,0.23
2024-07-12,1.4927,-0.07
2024-07-15,1.4922,-0.03
2024-07-16,1.4944,0.15
2024-07-17,1.4931,-0.09
2024-07-18,1.4939,0.05
2024-07-19,1.4947,0.05
2024-07-22,1.4957,0.07
2024-07-23,1.4912,-0.3
2024-07-24,1.4891,-0.14
2024-07-25,1.4887,-0.03
2024-07-26,1.4928,0.28
2024-07-29,1.4927,-0.01
2024-07-30,1.4926,-0.01
2024-07-31,1.5,0.5
2024-08-01,1.4996,-0.03
2024-08-02,1.497,-0.17
2024-08-05,1.4943,-0.18
2024-08-06,1.4961,0.12
2024-08-07,1.4969,0.05
2024-08-08,1.4952,-0.11
2024-08-09,1.4929,-0.15
2024-08-12,1.4886,-0.29
2024-08-13,1.4912,0.17
2024-08-14,1.4921,0.06
2024-08-15,1.4926,0.03
2024-08-16,1.4911,-0.1
2024-08-19,1.4912,0.01
2024-08-20,1.4891,-0.14
2024-08-21,1.4874,-0.11
2024-08-22,1.486,-0.09
2024-08-23,1.4862,0.01
2024-08-26,1.4857,-0.03
2024-08-27,1.4818,-0.26
2024-08-28,1.4843,0.17
2024-08-29,1.4882,0.26
2024-08-30,1.4918,0.24
2024-09-02,1.4896,-0.15
2024-09-03,1.4919,0.15
2024-09-04,1.4909,-0.07
2024-09-05,1.4924,0.1
2024-09-06,1.4906,-0.12
2024-09-09,1.49,-0.04
2024-09-10,1.4905,0.03
2024-09-11,1.4906,0.01
2024-09-12,1.4896,-0.07
2024-09-13,1.4892,-0.03
2024-09-18,1.4905,0.09
2024-09-19,1.492,0.1
2024-09-20,1.4917,-0.02
2024-09-23,1.4915,-0.01
2024-09-24,1.4963,0.32
2024-09-25,1.499,0.18
2024-09-26,1.5039,0.33
2024-09-27,1.5079,0.27
2024-09-30,1.5194,0.76
2024-10-08,1.5293,0.65
2024-10-09,1.5203,-0.59
2024-10-10,1.5214,0.07
2024-10-11,1.5182,-0.21
2024-10-14,1.5223,0.27
2024-10-15,1.5201,-0.14
2024-10-16,1.5193,-0.05
2024-10-17,1.5198,0.03
2024-10-18,1.5252,0.36
2024-10-21,1.5276,0.16
2024-10-22,1.528,0.03
2024-10-23,1.5277,-0.02
2024-10-24,1.5267,-0.07
2024-10-25,1.5274,0.05
2024-10-28,1.5285,0.07
2024-10-29,1.5273,-0.08
2024-10-30,1.5284,0.07
2024-10-31,1.5291,0.05
2024-11-01,1.5283,-0.05
2024-11-04,1.5333,0.33
2024-11-05,1.5382,0.32
2024-11-06,1.5396,0.09
2024-11-07,1.5415,0.12
2024-11-08,1.5417,0.01
2024-11-11,1.5457,0.26
2024-11-12,1.5434,-0.15
2024-11-13,1.5426,-0.05
2024-11-14,1.5392,-0.22
2024-11-15,1.5362,-0.19
2024-11-18,1.5332,-0.2
2024-11-19,1.5371,0.25
2024-11-20,1.5385,0.09
2024-11-21,1.5386,0.01
2024-11-22,1.5343,-0.28
2024-11-25,1.5332,-0.07
2024-11-26,1.5322,-0.07
2024-11-27,1.5355,0.22
2024-11-28,1.5341,-0.09
2024-11-29,1.5376,0.23
2024-12-02,1.5422,0.3
2024-12-03,1.5419,-0.02
2024-12-04,1.5419,0.0
2024-12-05,1.5436,0.11
2024-12-06,1.5447,0.07
2024-12-09,1.5452,0.03
2024-12-10,1.5482,0.19
2024-12-11,1.5486,0.03
2024-12-12,1.5499,0.08
2024-12-13,1.548,-0.12
2024-12-16,1.548,0.0
2024-12-17,1.5468,-0.08
2024-12-18,1.5469,0.01
2024-12-19,1.5483,0.09
2024-12-20,1.5509,0.17
2024-12-23,1.5497,-0.08
2024-12-24,1.5507,0.06
2024-12-25,1.5494,-0.08
2024-12-26,1.551,0.1
2024-12-27,1.5531,0.14
2024-12-30,1.554,0.06
2024-12-31,1.5526,-0.09
2025-01-02,1.5504,-0.14
2025-01-03,1.5487,-0.11
2025-01-06,1.5487,0.0
2025-01-07,1.5493,0.04
2025-01-08,1.5485,-0.05
2025-01-09,1.5483,-0.01
2025-01-10,1.5477,-0.04
2025-01-13,1.5471,-0.04
2025-01-14,1.5532,0.39
2025-01-15,1.5519,-0.08
2025-01-16,1.5511,-0.05
2025-01-17,1.5514,0.02
2025-01-20,1.5507,-0.05
2025-01-21,1.5522,0.1
2025-01-22,1.552,-0.01
2025-01-23,1.5507,-0.08
2025-01-24,1.5523,0.1
2025-01-27,1.5528,0.03
2025-02-05,1.5567,0.25
2025-02-06,1.5627,0.39
2025-02-07,1.5641,0.09
2025-02-10,1.564,-0.01
2025-02-11,1.5649,0.06
2025-02-12,1.5659,0.06
2025-02-13,1.5646,-0.08
2025-02-14,1.5637,-0.06
2025-02-17,1.5637,0.0
2025-02-18,1.5607,-0.19
2025-02-19,1.5638,0.2
2025-02-20,1.5636,-0.01
2025-02-21,1.5633,-0.02
2025-02-24,1.5605,-0.18
2025-02-25,1.5592,-0.08
2025-02-26,1.561,0.12
2025-02-27,1.5599,-0.07
2025-02-28,1.556,-0.25
2025-03-03,1.5579,0.12
2025-03-04,1.5596,0.11
2025-03-05,1.5601,0.03
2025-03-06,1.5609,0.05
2025-03-07,1.5584,-0.16
2025-03-10,1.5581,-0.02
2025-03-11,1.5573,-0.05
2025-03-12,1.5581,0.05
2025-03-13,1.5583,0.01
2025-03-14,1.5615,0.21
2025-03-17,1.56,-0.1
2025-03-18,1.5605,0.03
2025-03-19,1.5613,0.05
2025-03-20,1.5624,0.07
2025-03-21,1.5607,-0.11
2025-03-24,1.5615,0.05
2025-03-25,1.5616,0.01
2025-03-26,1.5623,0.04
2025-03-27,1.5615,-0.05
2025-03-28,1.5618,0.02
2025-03-31,1.56,-0.12
2025-04-01,1.561,0.06
2025-04-02,1.5616,0.04
2025-04-03,1.5635,0.12
2025-04-07,1.5563,-0.46
2025-04-08,1.5574,0.07
2025-04-09,1.5596,0.14
2025-04-10,1.5615,0.12
2025-04-11,1.562,0.03
2025-04-14,1.5624,0.03
2025-04-15,1.5616,-0.05
2025-04-16,1.5614,-0.01
2025-04-17,1.5609,-0.03
2025-04-18,1.5607,-0.01
2025-04-21,1.5617,0.06
2025-04-22,1.561,-0.04
2025-04-23,1.561,0.0
2025-04-24,1.5597,-0.08
2025-04-25,1.5594,-0.02
2025-04-28,1.5591,-0.02
2025-04-29,1.5597,0.04
2025-04-30,1.5612,0.1
2025-05-06,1.5637,0.16
2025-05-07,1.565,0.08
2025-05-08,1.5674,0.15
2025-05-09,1.5669,-0.03
2025-05-12,1.5693,0.15
2025-05-13,1.569,-0.02
2025-05-14,1.5699,0.06
2025-05-15,1.5686,-0.08
2025-05-16,1.5681,-0.03
2025-05-19,1.5691,0.06
2025-05-20,1.5698,0.04
2025-05-21,1.5702,0.03
2025-05-22,1.5695,-0.04
2025-05-23,1.5686,-0.06
2025-05-26,1.5691,0.03
2025-05-27,1.568,-0.07
2025-05-28,1.5671,-0.06
2025-05-29,1.568,0.06
2025-05-30,1.5685,0.03
2025-06-03,1.5705,0.13
2025-06-04,1.5715,0.06
2025-06-05,1.572,0.03
2025-06-06,1.5719,-0.01
2025-06-09,1.5744,0.16
2025-06-10,1.5733,-0.07
2025-06-11,1.5754,0.13
2025-06-12,1.5756,0.01
2025-06-13,1.5755,-0.01
2025-06-16,1.5761,0.04
2025-06-17,1.5761,0.0
2025-06-18,1.5761,0.0
2025-06-19,1.5748,-0.08
2025-06-20,1.5741,-0.04
2025-06-23,1.5743,0.01
2025-06-24,1.5757,0.09
2025-06-25,1.5775,0.11
2025-06-26,1.5764,-0.07
2025-06-27,1.5769,0.03
2025-06-30,1.5797,0.18
2025-07-01,1.58,0.02
2025-07-02,1.5803,0.02
2025-07-03,1.5819,0.1
2025-07-04,1.5817,-0.01
2025-07-07,1.5816,-0.01
2025-07-08,1.5825,0.06
2025-07-09,1.582,-0.03
2025-07-10,1.5817,-0.02
2025-07-11,1.5825,0.05
2025-07-14,1.5818,-0.04
2025-07-15,1.5817,-0.01
2025-07-16,1.5827,0.06
2025-07-17,1.5843,0.1
2025-07-18,1.5853,0.06
2025-07-21,1.5865,0.08
2025-07-22,1.5859,-0.04
2025-07-23,1.5846,-0.08
2025-07-24,1.5846,0.0
2025-07-25,1.5845,-0.01
2025-07-28,1.5855,0.06
2025-07-29,1.5848,-0.04
2025-07-30,1.5841,-0.04
2025-07-31,1.5838,-0.02
2025-08-01,1.5836,-0.01
2025-08-04,1.5853,0.11
2025-08-05,1.5866,0.08
2025-08-06,1.5884,0.11
2025-08-07,1.5885,0.01
2025-08-08,1.588,-0.03
2025-08-11,1.5882,0.01
2025-08-12,1.5869,-0.08
2025-08-13,1.5883,0.09
2025-08-14,1.5869,-0.09
2025-08-15,1.5886,0.11
2025-08-18,1.5886,0.0
2025-08-19,1.5882,-0.03
2025-08-20,1.5898,0.1
2025-08-21,1.5907,0.06
2025-08-22,1.5923,0.1
2025-08-25,1.5951,0.18
2025-08-26,1.5953,0.01
2025-08-27,1.5933,-0.13
2025-08-28,1.5946,0.08
2025-08-29,1.5967,0.13
2025-09-01,1.5967,0.0
2025-09-02,1.5956,-0.07
2025-09-03,1.5932,-0.15
2025-09-04,1.5906,-0.16
2025-09-05,1.5932,0.16
2025-09-08,1.5958,0.16
2025-09-09,1.5949,-0.06
2025-09-10,1.5939,-0.06
2025-09-11,1.5967,0.18
2025-09-12,1.5961,-0.04
2025-09-15,1.5981,0.13
2025-09-16,1.6004,0.14
2025-09-17,1.6032,0.17
2025-09-18,1.6023,-0.06
2025-09-19,1.6009,-0.09
2025-09-22,1.6033,0.15
2025-09-23,1.6023,-0.06
2025-09-24,1.6033,0.06
2025-09-25,1.6034,0.01
2025-09-26,1.602,-0.09
